(6, 4): [6, 1, 14, 9, 5, 1, 2, 13, 5, 6, 8, 1, 12, 11, 7, 15, 13, 3, 6, 10, 7, 13, 4, 10, 15, 12, 7, 6, 4, 11, 7, 3, 14, 15, 8, 0, 2, 14, 0, 3, 8, 13, 5, 12, 7, 3, 4, 9, 14, 0, 8, 11, 0, 12, 8, 13, 0, 10, 9, 1, 8, 10, 2, 15]
(6, 4): [12, 4, 11, 9, 3, 0, 11, 6, 11, 14, 12, 10, 12, 7, 0, 5, 1, 13, 0, 15, 15, 11, 13, 10, 5, 2, 1, 9, 1, 12, 5, 2, 8, 13, 3, 0, 14, 3, 13, 7, 12, 4, 9, 8, 7, 6, 3, 5, 13, 4, 6, 3, 7, 2, 4, 8, 1, 15, 7, 10, 1, 3, 15, 2]
(6, 4): [12, 10, 0, 2, 1, 12, 8, 15, 4, 15, 15, 11, 14, 3, 11, 1, 7, 13, 8, 7, 3, 6, 0, 9, 10, 12, 13, 10, 5, 6, 7, 5, 9, 6, 0, 11, 1, 12, 4, 10, 4, 0, 0, 8, 6, 12, 9, 15, 1, 5, 2, 14, 5, 7, 7, 8, 14, 5, 9, 14, 3, 10, 7, 11]
(6, 4): [3, 0, 5, 12, 12, 9, 11, 5, 9, 3, 8, 11, 10, 15, 7, 13, 0, 2, 14, 2, 8, 12, 6, 0, 14, 4, 14, 15, 4, 12, 7, 14, 11, 7, 3, 7, 15, 9, 2, 9, 9, 8, 9, 11, 6, 15, 2, 14, 13, 1, 15, 1, 0, 13, 10, 2, 2, 1, 4, 15, 10, 5, 1, 13]
(6, 4): [3, 8, 2, 12, 7, 14, 5, 3, 5, 15, 9, 14, 1, 10, 7, 6, 9, 4, 1, 0, 10, 14, 5, 7, 1, 15, 8, 11, 5, 12, 15, 14, 3, 6, 0, 11, 13, 4, 6, 3, 0, 5, 12, 2, 10, 12, 15, 7, 7, 8, 5, 13, 13, 10, 0, 1, 11, 12, 4, 9, 0, 15, 14, 8]
(6, 4): [0, 14, 2, 7, 0, 1, 5, 4, 3, 3, 11, 9, 5, 10, 13, 1, 5, 15, 0, 6, 3, 7, 11, 11, 14, 8, 2, 2, 15, 12, 12, 7, 3, 9, 9, 6, 13, 9, 9, 11, 8, 8, 2, 15, 8, 1, 15, 2, 0, 14, 7, 2, 8, 11, 14, 12, 4, 13, 10, 14, 13, 4, 6, 10]
(6, 4): [12, 14, 11, 9, 3, 7, 9, 8, 9, 14, 1, 11, 4, 1, 12, 15, 0, 8, 3, 6, 13, 0, 6, 0, 6, 8, 3, 1, 15, 4, 15, 14, 11, 15, 12, 3, 1, 10, 9, 5, 9, 2, 5, 4, 2, 1, 11, 5, 14, 12, 0, 7, 5, 3, 6, 2, 7, 5, 7, 13, 0, 6, 10, 6]
(6, 4): [9, 9, 15, 10, 3, 12, 7, 2, 5, 4, 0, 8, 6, 2, 11, 7, 7, 2, 11, 0, 10, 12, 9, 5, 5, 7, 4, 0, 10, 13, 2, 6, 8, 11, 2, 9, 14, 7, 10, 15, 15, 0, 9, 14, 1, 1, 13, 3, 0, 10, 13, 14, 1, 4, 12, 15, 13, 3, 5, 14, 1, 1, 10, 12]
----------------------------------------------------------------------------------------------------------------------------------------------------------------------------------------------------------------------------------
(6, 4): [15, 2, 3, 9, 12, 7, 4, 0, 5, 2, 14, 15, 9, 7, 4, 5, 13, 8, 5, 6, 3, 12, 15, 13, 2, 1, 12, 7, 6, 9, 1, 2, 0, 6, 13, 15, 12, 7, 14, 8, 1, 14, 11, 12, 8, 7, 4, 1, 13, 10, 0, 11, 11, 15, 8, 3, 4, 0, 10, 11, 6, 8, 8, 6]
(5, 5): [7, 11, 25, 27, 19, 18, 5, 23, 30, 29, 2, 4, 16, 20, 24, 31, 10, 9, 6, 26, 1, 14, 0, 8, 15, 22, 28, 13, 17, 3, 21, 12]
(5, 5): [9, 0, 14, 5, 21, 27, 2, 8, 24, 19, 12, 13, 31, 11, 30, 16, 7, 20, 18, 29, 4, 6, 3, 17, 1, 25, 28, 15, 10, 22, 23, 26]
(5, 5): [23, 21, 12, 24, 11, 28, 22, 16, 25, 10, 13, 18, 15, 26, 5, 27, 0, 1, 6, 4, 3, 17, 7, 14, 29, 9, 30, 8, 31, 2, 19, 20]
(5, 5): [23, 21, 10, 5, 27, 19, 29, 8, 12, 1, 26, 16, 31, 28, 11, 20, 30, 4, 15, 24, 13, 3, 9, 2, 25, 6, 18, 0, 7, 14, 17, 22]
----------------------------------------------------------------------------------------------------------------------------------------------------------------------------------------------------------------------------------
(8, 8): [183, 187, 124, 26, 73, 3, 5, 101, 103, 133, 12, 212, 147, 222, 203, 209, 199, 72, 190, 223, 43, 152, 104, 204, 66, 8, 194, 68, 102, 165, 226, 13, 169, 38, 85, 155, 157, 211, 63, 225, 161, 70, 62, 76, 127, 45, 0, 219, 10, 195, 139, 129, 144, 245, 75, 27, 174, 143, 90, 109, 15, 41, 55, 65, 53, 18, 221, 120, 249, 154, 4, 108, 250, 176, 35, 159, 71, 64, 92, 177, 156, 52, 210, 107, 77, 78, 134, 87, 23, 17, 243, 7, 51, 193, 33, 248, 206, 233, 95, 197, 132, 214, 22, 227, 230, 31, 58, 24, 138, 105, 229, 164, 137, 16, 141, 60, 39, 178, 180, 110, 201, 166, 153, 220, 37, 218, 167, 54, 115, 246, 11, 202, 255, 126, 99, 19, 254, 196, 61, 224, 252, 34, 140, 238, 149, 207, 28, 179, 112, 56, 49, 192, 148, 57, 200, 228, 21, 74, 188, 186, 171, 182, 251, 175, 131, 241, 29, 82, 83, 217, 151, 181, 128, 145, 79, 94, 240, 14, 235, 91, 9, 239, 253, 162, 163, 130, 59, 173, 113, 97, 168, 232, 158, 48, 236, 121, 44, 114, 30, 170, 69, 231, 125, 106, 185, 25, 100, 40, 146, 213, 247, 191, 81, 184, 172, 47, 96, 116, 208, 6, 1, 150, 135, 242, 244, 80, 32, 89, 136, 160, 216, 189, 117, 88, 111, 42, 36, 98, 86, 50, 122, 205, 119, 215, 123, 237, 142, 234, 67, 93, 20, 2, 198, 118, 46, 84]
(8, 8): [190, 53, 42, 207, 33, 80, 14, 165, 147, 8, 20, 126, 140, 100, 163, 106, 204, 65, 93, 209, 57, 159, 244, 105, 40, 237, 50, 180, 122, 11, 221, 112, 175, 71, 194, 161, 51, 24, 15, 174, 243, 110, 38, 188, 230, 170, 255, 62, 25, 68, 212, 127, 155, 210, 185, 248, 47, 129, 227, 228, 171, 30, 130, 200, 160, 184, 240, 1, 113, 66, 120, 225, 99, 19, 231, 191, 156, 214, 89, 39, 233, 123, 7, 79, 92, 208, 27, 245, 49, 17, 29, 52, 54, 10, 21, 83, 164, 168, 239, 28, 150, 146, 145, 6, 94, 149, 12, 154, 196, 192, 169, 251, 16, 232, 229, 181, 173, 202, 183, 34, 76, 125, 222, 67, 121, 177, 75, 59, 22, 135, 213, 78, 241, 63, 211, 41, 97, 201, 48, 246, 13, 193, 250, 82, 131, 176, 148, 61, 238, 102, 114, 31, 178, 253, 157, 153, 26, 91, 111, 95, 9, 152, 219, 223, 205, 242, 0, 36, 143, 72, 86, 137, 218, 45, 81, 195, 116, 215, 60, 158, 206, 247, 142, 56, 139, 101, 151, 3, 162, 74, 5, 119, 88, 58, 32, 124, 118, 73, 98, 217, 84, 187, 252, 37, 115, 220, 224, 43, 18, 182, 216, 109, 35, 46, 198, 132, 44, 166, 107, 77, 128, 226, 203, 87, 254, 64, 186, 249, 136, 70, 138, 236, 55, 117, 134, 133, 235, 172, 2, 23, 69, 103, 189, 90, 108, 141, 179, 4, 144, 197, 199, 234, 85, 96, 104, 167]
(8, 8): [196, 188, 164, 120, 169, 153, 29, 96, 9, 34, 171, 89, 67, 243, 161, 119, 43, 165, 23, 0, 57, 214, 60, 38, 58, 233, 170, 109, 93, 136, 110, 14, 50, 69, 193, 173, 230, 121, 117, 91, 44, 97, 115, 143, 206, 147, 218, 158, 129, 187, 26, 1, 183, 11, 95, 83, 6, 122, 247, 98, 160, 163, 157, 20, 2, 77, 46, 112, 135, 78, 102, 146, 64, 162, 131, 238, 32, 75, 81, 106, 108, 114, 223, 137, 123, 19, 152, 92, 101, 48, 111, 100, 213, 5, 234, 228, 191, 203, 35, 144, 4, 126, 252, 59, 174, 255, 27, 194, 84, 250, 16, 10, 85, 185, 70, 104, 127, 235, 249, 39, 151, 37, 125, 71, 30, 198, 52, 12, 51, 219, 42, 180, 54, 148, 236, 226, 189, 150, 94, 33, 225, 232, 79, 133, 8, 190, 66, 47, 192, 53, 239, 178, 56, 74, 212, 242, 72, 244, 140, 211, 128, 3, 167, 179, 155, 254, 186, 197, 41, 90, 24, 80, 31, 88, 76, 15, 138, 99, 86, 28, 22, 25, 149, 229, 216, 237, 105, 45, 156, 124, 217, 207, 49, 130, 245, 195, 145, 205, 7, 181, 231, 65, 21, 175, 184, 182, 210, 253, 241, 209, 200, 215, 204, 201, 176, 82, 208, 177, 62, 36, 240, 113, 40, 118, 13, 220, 63, 246, 87, 154, 142, 251, 103, 61, 68, 73, 168, 18, 139, 221, 224, 248, 227, 132, 134, 199, 141, 17, 222, 107, 172, 166, 116, 55, 159, 202]